32,405
32,404
32,403
32,402
32,401
32,400
32,399
32,398
32,397
32,396
32,395
32,394
32,393
32,392
32,391
32,390
32,389
32,388
32,387
32,386
32,385
32,384
32,2
27,2
26,2
23,3
23,1
23,0
22,3
22,1
22,0
21,3
21,1
21,0
20,3
20,1
20,0
19,3
19,1
19,0
18,3
18,1
18,0
17,3
17,1
17,0
15,3
15,1
15,0
14,3
14,1
14,0
13,3
13,1
13,0
12,3
12,1
12,0
11,3
11,1
11,0
10,3
10,1
10,0
8,3
8,1
8,0
7,3
7,1
7,0
6,4
6,3
6,1
6,0
5,3
5,1
5,0
4,3
4,1
4,0
26,5
26,1
26,4
26,3
26,0
32,1
32,3
32,0
33,1
33,3
33,0
1,1
1,3
1,0
9,1
9,3
9,0
27,5
27,3
27,0
2,1
2,3
2,0
16,1
16,3
16,0
0,9
0,310
0,305
0,308
0,304
0,303
0,302
0,307
0,12
0,10
0,8
0,0
0,436
0,300
0,435
0,299
0,434
0,298
0,433
0,297
0,432
0,296
0,431
0,295
0,430
0,294
0,429
0,293
0,428
0,292
0,427
0,291
0,426
0,290
0,425
0,289
0,424
0,288
0,423
0,287
0,422
0,286
0,421
0,285
0,420
0,284
0,419
0,283
0,418
0,282
0,417
0,281
0,416
0,280
0,415
0,279
0,414
0,278
0,413
0,277
0,412
0,276
0,411
0,275
0,410
0,274
0,409
32,406
32,407
32,410
32,411
32,414
32,415
32,418
32,420
32,421
32,424
32,426
32,431
32,437
32,438
32,441
32,443
32,446
32,447
32,513
32,515
32,516
32,518
32,519
32,521
32,523
32,524
32,526
32,527
32,529
32,530
32,532
32,534
32,535
32,537
32,538
32,540
32,542
32,543
32,545
32,546
32,548
32,549
32,551
32,553
32,554
32,556
32,557
32,559
32,561
32,409
32,417
32,413
32,560
32,558
32,555
32,552
32,550
32,547
32,544
32,541
32,539
32,536
32,533
32,531
32,528
32,525
32,522
32,520
32,517
32,514
32,512
32,444
32,440
32,434
32,429
32,422
32,419
